6
7
11
14
17
28
29
30
34
35
40
41
42
45
53
56
60
63
64
65
66
67
68
70
73
74
79
82
83
87
88
90
91
92
97
101
103
104
107
108
111
112
113
115
119
120
124
125
126
131
132
133
134
136
142
144
147
148
149
154
156
161
169
171
172
174
179
186
187
189
190
192
193
195
196
197
199
200
201
204
209
210
212
215
218
227
230
231
232
233
235
237
239
240
241
243
245
250
255
256
258
263
266
271
272
273
276
277
282
283
284
285
286
287
290
292
294
295
298
302
304
305
307
312
315
320
321
326
329
330
331
339
342
344
345
347
349
352
355
356
358
360
361
366
368
369
373
374
375
377
380
382
386
389
390
391
394
395
400
401
404
405
408
411
413
418
420
423
424
428
429
430
432
433
438
439
441
442
443
446
448
451
452
455
457
459
461
467
469
471
472
473
482
484
485
488
489
490
493
495
