458
463
464
466
468
472
475
478
479
481
485
490
504
505
507
510
514
515
516
517
520
522
527
528
531
537
538
540
541
542
543
547
548
549
550
551
555
560
562
566
567
568
569
571
574
577
579
580
583
584
588
589
590
592
593
594
595
598
607
609
610
612
613
614
616
618
621
625
626
627
628
630
633
639
644
645
646
650
651
655
660
661
662
663
664
665
666
668
671
672
673
678
681
687
690
691
693
698
700
701
704
708
712
713
716
722
723
724
725
729
731
734
735
736
737
738
741
747
748
749
750
752
755
762
768
769
772
776
778
779
782
783
787
788
793
796
798
801
802
803
804
807
809
811
813
814
815
817
818
819
820
822
823
824
825
826
828
830
840
841
842
843
844
846
847
848
851
852
853
856
857
858
859
867
868
869
877
878
879
882
883
885
886
887
889
891
892
893
903
905
906
910
911
912
918
919
920
923
928
929
938
941
945
946
947
948
951
952
953
954
957
958
959
960
961
962
963
964
968
973
975
976
977
978
980
982
983
984
985
988
989
991
992
995
