9
10
15
16
19
24
25
26
32
35
36
38
42
43
46
47
49
52
53
54
56
58
61
62
65
66
70
73
76
77
82
84
89
90
95
98
99
100
102
103
106
107
109
110
111
116
118
119
120
122
123
124
127
131
135
136
138
139
142
144
147
150
151
152
157
163
166
168
169
173
175
177
179
180
183
184
186
189
190
191
192
194
196
201
202
204
205
206
209
211
213
214
215
217
218
221
229
231
232
236
240
246
247
248
253
254
255
257
260
262
263
265
269
270
271
273
277
280
282
284
285
286
287
288
289
292
293
294
296
297
299
301
302
303
304
307
309
311
315
316
321
322
323
324
327
328
329
331
332
333
335
336
338
340
341
343
344
347
349
350
353
354
355
356
358
360
361
362
365
367
374
376
377
381
383
384
390
392
394
395
396
397
399
400
401
405
409
413
414
415
416
418
419
421
423
427
429
430
431
433
437
439
440
442
444
445
447
448
450
452
455
457
458
463
464
466
468
472
475
478
479
481
485
490
504
505
507
510
514
515
516
517
520
522
527
528
531
537
538
540
541
542
543
547
548
549
550
551
555
560
562
566
567
568
569
571
574
577
579
580
583
584
588
589
590
592
593
594
595
598
607
609
610
612
613
614
616
618
621
625
626
627
628
630
633
639
644
645
646
650
651
655
660
661
662
663
664
665
666
668
671
672
673
678
681
687
690
691
693
698
700
701
704
708
712
713
716
722
723
724
725
729
731
734
735
736
737
738
741
747
748
749
750
752
755
762
768
769
772
776
778
779
782
783
787
788
793
796
798
801
802
803
804
807
809
811
813
814
815
817
818
819
820
822
823
824
825
826
828
830
840
841
842
843
844
846
847
848
851
852
853
856
857
858
859
867
868
869
877
878
879
882
883
885
886
887
889
891
892
893
903
905
906
910
911
912
918
919
920
923
928
929
938
941
945
946
947
948
951
952
953
954
957
958
959
960
961
962
963
964
968
973
975
976
977
978
980
982
983
984
985
988
989
991
992
995
