499
501
507
508
510
513
515
516
517
519
520
521
523
524
530
536
537
539
543
545
546
547
548
551
555
559
562
563
565
566
568
575
576
577
581
582
588
590
592
596
601
610
613
622
623
624
626
628
629
630
636
642
644
645
646
648
655
658
659
661
662
663
670
674
675
676
677
679
685
687
690
692
694
695
699
706
708
709
712
714
715
716
718
723
724
726
727
728
732
735
738
740
745
746
748
749
752
754
760
761
762
766
767
769
770
772
773
775
776
777
779
783
784
786
789
792
795
800
801
803
804
805
806
809
811
813
817
821
822
824
825
830
831
836
840
845
846
849
850
851
854
855
856
858
859
866
867
870
873
875
876
878
879
886
888
892
893
894
895
898
903
904
905
907
908
910
912
914
915
918
922
924
927
929
931
932
935
938
939
943
944
948
949
950
959
964
965
968
972
984
985
986
987
990
991
993
996
997
998
999
